AA,0.0,0.0,0.0,0.0,0.0,0.0,0.0,0.0,0.0,0.0,0.0,0.0
AS,2.2070659898E10,2.834296147E9,1.302456E7,2.834296147E9,3.67225352E8,1728062.0,1.302456E7,1728062.0,10839.0,3.466339005229996E9,4.489692084700005E8,2170824.5700000017
B6,0.0,0.0,0.0,0.0,0.0,0.0,0.0,0.0,0.0,0.0,0.0,0.0
DL,5.8702517851E10,7.6803828E9,4.5783569E7,7.6803828E9,1.021955296E9,6294474.0,4.5783569E7,6294474.0,52084.0,3.506142588198026E10,4.677625140510022E9,3.0275747120000035E7
EV,0.0,0.0,0.0,0.0,0.0,0.0,0.0,0.0,0.0,0.0,0.0,0.0
F9,4.436994996E9,6.03249709E8,4507884.0,6.03249709E8,8.3056375E7,620113.0,4507884.0,620113.0,5185.0,6.433813502499992E8,8.875022238999997E7,724798.0300000011
HA,0.0,0.0,0.0,0.0,0.0,0.0,0.0,0.0,0.0,0.0,0.0,0.0
MQ,1.0305937231E10,1.535032515E9,1.6009191E7,1.535032515E9,2.34135393E8,2488113.0,1.6009191E7,2488113.0,31858.0,5.589915663050012E9,8.519102158199992E8,9443382.18000004
NK,0.0,0.0,0.0,0.0,0.0,0.0,0.0,0.0,0.0,0.0,0.0,0.0
OO,1.4095916415E10,2.055138236E9,2.0782883E7,2.055138236E9,3.08389087E8,3301185.0,2.0782883E7,3301185.0,46263.0,7.464422289610004E9,1.1260373979299877E9,1.2795941429999972E7
UA,0.0,0.0,0.0,0.0,0.0,0.0,0.0,0.0,0.0,0.0,0.0,0.0
US,3.5252644315E10,4.652775096E9,2.6531077E7,4.652775096E9,6.27093568E8,3717428.0,2.6531077E7,3717428.0,30599.0,2.0362223400650105E10,2.7472413503500123E9,1.7122248349999964E7
VX,0.0,0.0,0.0,0.0,0.0,0.0,0.0,0.0,0.0,0.0,0.0,0.0
WN,5.2219021786E10,7.182184926E9,5.4762766E7,7.182184926E9,1.006921284E9,7898048.0,5.4762766E7,7898048.0,81076.0,9.382740049399925E9,1.3173109002000024E9,1.0783910350000007E7
