FinalRF,A
2
196610
131840
1027
249
0
2
262153
5
stats
262153
5
3.0.2
1026
1
262153
1
n
251
1026
1
262153
3
df1
251
1026
1
262153
3
df2
251
1026
1
262153
3
ncp
251
254
21
9
13
54
7
40
1
3
2
23
26
3
20
4
33
20
5
33
20
6
33
20
7
33
39
8
1
23
9
29
10
29
11
29
12
31
13
38
14
20
6
47
15
23
9
29
16
29
17
38
18
20
7
47
19
47
20
1
21
6
254
0
1
262153
1
{
2
254
244
0
6
254
0
1
262153
2
if
2
254
244
1
6
254
0
1
262153
7
missing
2
254
0
1535
0
254
2
254
244
2
6
254
0
1
262153
9
.External
2
254
0
1
262153
4
C_rf
2
254
0
767
2
254
0
1023
2
254
0
1279
0
254
2
254
244
3
6
254
0
1
262153
1
/
2
254
6
254
0
1
262153
1
(
2
254
244
4
6
254
0
3071
2
254
244
5
6
254
0
1
262153
6
rchisq
2
254
0
767
2
254
0
1023
2
1535
0
1535
0
254
2
254
0
1023
0
254
0
254
2
254
6
254
0
3327
2
254
244
6
6
254
0
3071
2
254
244
7
6
254
0
3583
2
254
0
767
2
254
0
1279
0
254
2
254
0
1279
0
254
0
254
0
254
0
254
0
254
243
1
243
0
1
2559
1
2815
1
767
1
1023
1
1279
243
2
1
3583
21
13
4
7
20
0
1
1
1
767
21
13
4
7
20
0
1
1
1
1023
21
13
4
7
20
0
1
1
1
1535
1
1535
243
5
243
4
21
13
4
7
20
0
1
1
1
767
21
13
4
7
20
0
1
1
1
1279
243
7
243
6
243
3


